1.128717852859448811e-01
-8.786025693917496326e-01
7.544993703393370055e-01
1.593738509299230666e-01
8.569827941435943508e-01
2.765178145561606460e-01
1.616036736974112709e-01
9.298183462775453378e-01
9.919610863883363550e-01
8.816572059580782827e-01
1.029915855922802770e+00
7.787664443968771166e-03
-6.772094280916896025e-01
4.887214401641282180e-01
-1.136473494727496814e-01
6.463822480697807293e-01
4.656894174173531464e-01
7.497799912090012953e-01
-6.528419016382329687e-01
-5.690773717799260112e-01
-2.316783387502567848e-01
-5.682710834075592743e-01
1.281419119115341232e-01
-8.325204969749204764e-01
-9.135833241342599109e-01
-9.108193393919163938e-01
-5.506163770333998286e-01
-5.867420294392928781e-01
-6.133110326868056461e-01
6.808697294491246055e-01
5.097513798250508099e-01
1.059286849160315569e+00
2.015630330421771532e-01
-9.476261440537214753e-02
3.748339122998878281e-01
9.206562367530564117e-01
1.002103904842570614e-01
7.495659541190968778e-01
-4.777620609778523431e-01
6.824872628438365396e-01
-5.201614280879560681e-01
-1.569012063319981110e-01
-2.180318199403492585e-01
-6.130301148411296808e-01
3.688637356453270399e-01
9.357476583853301388e-01
7.394897841500194247e-01
4.497553344918189810e-01
9.203059789570332550e-01
-7.320623763853593147e-01
8.690436292141798802e-01
6.779930309229504903e-01
-9.198633193483907178e-02
-8.598227030310240382e-03
3.110366279470103690e-01
2.677211110196457966e-01
4.473783888281977483e-01
-9.942566653101259089e-01
-5.183727207623043398e-01
1.024491887518143018e+00
1.037869635027101722e+00
-5.483813149384832997e-01
-8.969824662549132910e-01
-2.627921009902962624e-01
8.821609539008310463e-01
5.522054299023615442e-01
8.973083096947078729e-01
-5.584730907396535660e-01
5.350337836173011397e-01
6.607217891340062543e-01
-6.650366892136609920e-01
1.244561016157825217e-01
-8.909614677880757228e-01
9.358778323925283082e-01
7.063108031404521370e-01
5.430135285479158469e-01
2.853690108859765484e-01
-9.478587568489031945e-01
2.328278737470784732e-01
1.147216372604264456e-01
2.116375172029503204e-01
-7.167712665342307332e-01
-9.249301804983769415e-01
5.488539993015066898e-01
-1.932463936694226447e-01
-8.458850707342902009e-01
-2.586093840233765206e-01
7.563953826432374683e-01
9.123295701673130864e-01
-4.993063452190433793e-01
-7.953794783162395632e-01
-3.766062530224836280e-01
8.695184130839326286e-01
3.552748692153855775e-02
1.057574759859975622e+00
2.248451836603386766e-01
-8.763423434979245030e-02
-8.751001842056798097e-01
-9.845812143742872502e-01
6.841048570786933958e-01
-7.645767596788084486e-01
6.308163394192187190e-02
9.130504691915746207e-01
3.061040103096497322e-01
8.013395958833322563e-01
-9.791399262457369801e-01
-5.515919499003070214e-01
-2.704720596427954149e-01
7.546908664750109352e-01
-8.092745005802548519e-01
4.448485282656733375e-02
-8.880827438924114858e-01
4.949296084627174963e-01
6.769527155860119993e-01
-9.128144064473762143e-01
-8.964110229671193864e-01
4.041026092463688713e-01
1.149506285225889712e-01
4.039584051547251420e-03
5.127154094055299538e-01
-4.341715981877438679e-01
1.862092281686774653e-01
2.041879073353669583e-02
-3.285379467955209520e-01
3.055276777715487668e-01
-2.559600306316305307e-01
-4.197806381657063213e-01
5.987961187830339593e-01
-7.943543381174089646e-01
1.053776934988746472e+00
1.783133761898195724e-01
1.554559378537042624e-01
-3.283140269360025343e-01
2.052158582300478429e-01
4.491976060380531433e-02
1.462033375015400205e-01
-9.356877161634793438e-01
-8.247470137360792819e-01
9.102449628610775889e-01
1.026582861134202052e+00
-5.973163230586315819e-01
-9.747447408744314146e-01
7.157163812116613677e-01
8.576152467850635119e-01
-5.514188389489220743e-01
-7.207485272458491465e-01
2.680612294083689617e-01
-7.093745091027932048e-01
-7.591938601529841790e-01
4.082553006715485822e-01
-9.853975605033959972e-01
-7.739555654322742839e-01
4.831726780360110496e-01
5.290849021148282816e-01
9.313304355784910449e-01
-7.190956476997030222e-01
-6.269654025649629148e-01
4.851354575894235577e-01
4.659932890637961123e-01
2.730176336564957285e-01
9.538825963611863301e-02
-2.394386548586844299e-01
9.797815045344060447e-01
6.645270457861601754e-02
6.153249177636492817e-01
-9.317982510084457104e-01
-6.948467575915806549e-01
-3.008789422383273404e-01
9.425318768935520009e-01
-6.724345646839102741e-01
1.627475589280749091e-01
8.861893381960753713e-01
5.126162222083614495e-01
4.574917787588193008e-01
7.819842776826479991e-01
-7.106431986741377216e-01
-1.916562874380600690e-01
7.534745872532949695e-01
-1.344748840049625471e-01
-6.708886636251154556e-01
4.450276657862629187e-02
3.300845806269521177e-01
-6.354322552492663867e-01
7.562689265095589031e-01
2.546356265892093518e-01
-8.420310856711807901e-01
-9.555837796301993592e-01
4.196287920482735245e-01
-6.365406748771569312e-01
2.939017104531809199e-01
7.735346267757385874e-01
-9.718890132744104626e-01
3.302352775894945580e-02
8.225236740306058891e-01
6.862268197774605838e-01
3.015216248422345480e-01
1.364432649846202272e-01
-5.928198080723445784e-01
3.132801851380158098e-01
1.038496552847782084e+00
